,NUMBER,LAP_NUMBER,LAP_TIME,LAP_IMPROVEMENT,KPH,ELAPSED,HOUR,DRIVER_NAME,PIT_TIME,CLASS,GROUP,TEAM,MANUFACTURER,AIR_TEMP,TRACK_TEMP,WIND_SPEED,WIND_DIRECTION
0,11,1,1:11.668,0,105.1,1:11.668,2020-11-10 12:01:11.668,Lucas DI GRASSI,0:00:08.675,,1,ABT Schaeffler Audi Sport,,26.3889,21.1111,8.04672,65.0
1,11,2,1:10.952,0,106.2,2:22.620,2020-11-10 12:02:22.620,Lucas DI GRASSI,,,1,ABT Schaeffler Audi Sport,,,,,
2,11,3,1:03.690,2,118.3,3:26.310,2020-11-10 12:03:26.310,Lucas DI GRASSI,,,1,ABT Schaeffler Audi Sport,,26.3889,21.1111,8.04672,117.0
3,11,4,1:25.715,0,87.9,4:52.025,2020-11-10 12:04:52.025,Lucas DI GRASSI,,,1,ABT Schaeffler Audi Sport,,26.3889,21.1111,8.04672,65.0
4,19,1,37:25.827,0,3.4,37:25.826,2020-11-10 12:37:25.827,Felix ROSENQVIST,0:36:16.593,,4,Mahindra Racing,,27.7222,21.6667,8.04672,61.0
5,19,2,1:03.425,2,118.8,38:29.251,2020-11-10 12:38:29.252,Felix ROSENQVIST,,,4,Mahindra Racing,,27.7222,21.6667,8.04672,61.0
6,19,3,1:20.714,0,93.4,39:49.965,2020-11-10 12:39:49.966,Felix ROSENQVIST,,,4,Mahindra Racing,,27.7222,21.6667,8.04672,61.0
7,2,1,1:14.621,0,101.0,1:14.621,2020-11-10 12:01:14.621,Sam BIRD,0:00:11.533,,1,DS Virgin Racing,,26.3889,21.1111,8.04672,65.0
8,2,2,1:13.202,0,102.9,2:27.823,2020-11-10 12:02:27.823,Sam BIRD,,,1,DS Virgin Racing,,,,,
9,2,3,1:03.099,2,119.4,3:30.922,2020-11-10 12:03:30.922,Sam BIRD,,,1,DS Virgin Racing,,26.3889,21.1111,8.04672,117.0
10,2,4,1:23.841,0,89.9,4:54.763,2020-11-10 12:04:54.763,Sam BIRD,,,1,DS Virgin Racing,,26.3889,21.1111,8.04672,65.0
11,20,1,1:52.795,0,66.8,1:52.795,2020-11-10 12:01:52.795,Mitch EVANS,0:00:41.253,,1,Panasonic Jaguar Racing,,26.3889,21.1111,8.04672,169.0
12,20,2,1:10.887,0,106.3,3:03.682,2020-11-10 12:03:03.682,Mitch EVANS,,,1,Panasonic Jaguar Racing,,26.3889,21.1111,8.04672,169.0
13,20,3,1:03.563,2,118.5,4:07.245,2020-11-10 12:04:07.245,Mitch EVANS,,,1,Panasonic Jaguar Racing,,26.3889,21.1111,8.04672,117.0
14,20,4,4:29.722,0,27.9,8:36.967,2020-11-10 12:08:36.967,Mitch EVANS,,,1,Panasonic Jaguar Racing,,26.388900000000003,21.203699999999998,8.04672,84.5
15,23,1,2:01.956,0,61.8,2:01.956,2020-11-10 12:02:01.956,Nick HEIDFELD,0:00:51.041,,1,Mahindra Racing,,26.3889,21.1111,8.04672,169.0
16,23,2,1:08.407,0,110.1,3:10.363,2020-11-10 12:03:10.363,Nick HEIDFELD,,,1,Mahindra Racing,,26.3889,21.1111,8.04672,169.0
17,23,3,1:03.022,2,119.6,4:13.385,2020-11-10 12:04:13.385,Nick HEIDFELD,,,1,Mahindra Racing,,26.3889,21.1111,8.04672,117.0
18,23,4,6:00.026,0,20.9,10:13.411,2020-11-10 12:10:13.411,Nick HEIDFELD,,,1,Mahindra Racing,,26.388900000000003,21.269842857142855,7.357001428571429,75.57142857142857
19,25,1,21:42.385,0,5.8,21:42.385,2020-11-10 12:21:42.385,Jean-Eric VERGNE,0:20:30.641,,3,TECHEETAH,,27.4444,21.6667,8.04672,90.0
20,25,2,1:09.842,0,107.9,22:52.227,2020-11-10 12:22:52.227,Jean-Eric VERGNE,,,3,TECHEETAH,,27.4444,21.6667,8.04672,90.0
21,25,3,2:03.479,0,61.0,24:55.706,2020-11-10 12:24:55.706,Jean-Eric VERGNE,,,3,TECHEETAH,,27.4444,21.666700000000002,8.04672,90.0
22,25,4,6:43.232,0,18.7,31:38.937,2020-11-10 12:31:38.938,Jean-Eric VERGNE,0:05:41.063,,3,TECHEETAH,,27.4444,21.666699999999995,8.04672,128.5
23,25,5,1:02.983,2,119.6,32:41.920,2020-11-10 12:32:41.921,Jean-Eric VERGNE,,,3,TECHEETAH,,27.4444,21.6667,8.04672,134.0
24,25,6,2:29.181,0,50.5,35:11.101,2020-11-10 12:35:11.102,Jean-Eric VERGNE,,,3,TECHEETAH,,27.53703333333333,21.666700000000002,6.437376666666668,89.66666666666667
25,27,1,21:23.935,0,5.9,21:23.935,2020-11-10 12:21:23.935,Robin FRIJNS,0:20:18.066,,3,Andretti Formula E,,27.4444,21.6667,8.04672,90.0
26,27,2,1:15.719,0,99.5,22:39.654,2020-11-10 12:22:39.654,Robin FRIJNS,,,3,Andretti Formula E,,27.4444,21.666700000000002,8.04672,90.0
27,27,3,1:49.377,0,68.9,24:29.031,2020-11-10 12:24:29.031,Robin FRIJNS,,,3,Andretti Formula E,,27.4444,21.666700000000002,8.04672,90.0
28,27,4,6:50.986,0,18.3,31:20.016,2020-11-10 12:31:20.017,Robin FRIJNS,0:05:53.184,,3,Andretti Formula E,,27.4444,21.666699999999995,8.04672,127.71428571428571
29,27,5,1:03.688,2,118.3,32:23.704,2020-11-10 12:32:23.705,Robin FRIJNS,,,3,Andretti Formula E,,27.4444,21.666700000000002,8.04672,134.0
30,27,6,1:24.440,0,89.2,33:48.144,2020-11-10 12:33:48.145,Robin FRIJNS,,,3,Andretti Formula E,,27.5,21.6667,7.242050000000001,96.5
31,28,1,11:23.989,0,11.0,11:23.989,2020-11-10 12:11:23.989,Antonio Felix DA COSTA,0:10:20.262,,2,Andretti Formula E,,26.3889,21.6667,3.21869,5.0
32,28,2,1:05.043,0,115.8,12:29.032,2020-11-10 12:12:29.032,Antonio Felix DA COSTA,,,2,Andretti Formula E,,26.3889,21.6667,4.828035,28.0
33,28,3,1:03.363,2,118.9,13:32.395,2020-11-10 12:13:32.395,Antonio Felix DA COSTA,,,2,Andretti Formula E,,26.3889,21.6667,5.632705,100.0
34,28,4,1:17.932,0,96.7,14:50.327,2020-11-10 12:14:50.327,Antonio Felix DA COSTA,,,2,Andretti Formula E,,26.3889,21.6667,4.82803,149.0
35,3,1,21:54.632,0,5.7,21:54.632,2020-11-10 12:21:54.632,Nelson PIQUET JR,0:20:49.252,,3,NEXTEV NIO,,27.4444,21.6667,8.04672,90.0
36,3,2,1:07.417,0,111.8,23:02.049,2020-11-10 12:23:02.049,Nelson PIQUET JR,,,3,NEXTEV NIO,,27.4444,21.6667,8.04672,90.0
37,3,3,2:24.875,0,52.0,25:26.924,2020-11-10 12:25:26.924,Nelson PIQUET JR,,,3,NEXTEV NIO,,27.4444,21.6667,8.04672,101.0
38,3,4,6:16.430,0,20.0,31:43.353,2020-11-10 12:31:43.354,Nelson PIQUET JR,0:05:18.887,,3,NEXTEV NIO,,27.4444,21.666699999999995,8.04672,134.0
39,3,5,1:04.082,2,117.6,32:47.435,2020-11-10 12:32:47.436,Nelson PIQUET JR,,,3,NEXTEV NIO,,27.4444,21.6667,8.04672,134.0
40,3,6,2:31.002,0,49.9,35:18.437,2020-11-10 12:35:18.438,Nelson PIQUET JR,,,3,NEXTEV NIO,,27.53703333333333,21.666700000000002,6.437376666666668,89.66666666666667
41,33,1,37:58.404,0,3.3,37:58.403,2020-11-10 12:37:58.404,Esteban GUTIERREZ,0:36:55.721,,4,TECHEETAH,,27.7222,21.6667,8.04672,61.0
42,33,2,1:08.206,0,110.5,39:06.609,2020-11-10 12:39:06.610,Esteban GUTIERREZ,,,4,TECHEETAH,,27.7222,21.6667,8.04672,61.0
43,33,3,1:03.509,2,118.6,40:10.118,2020-11-10 12:40:10.119,Esteban GUTIERREZ,,,4,TECHEETAH,,27.7222,21.6667,8.04672,61.0
44,37,1,11:26.286,0,11.0,11:26.286,2020-11-10 12:11:26.286,José Maria LOPEZ,0:10:11.716,,2,DS Virgin Racing,,26.3889,21.6667,3.21869,5.0
45,37,2,1:10.742,0,106.5,12:37.028,2020-11-10 12:12:37.028,José Maria LOPEZ,,,2,DS Virgin Racing,,26.3889,21.6667,4.828035,28.0
46,37,3,1:02.831,2,119.9,13:39.859,2020-11-10 12:13:39.859,José Maria LOPEZ,,,2,DS Virgin Racing,,26.3889,21.6667,5.632705,100.0
47,37,4,2:58.874,0,42.1,16:38.733,2020-11-10 12:16:38.733,José Maria LOPEZ,,,2,DS Virgin Racing,,26.3889,21.6667,4.82803,149.0
48,4,1,11:28.059,0,11.0,11:28.059,2020-11-10 12:11:28.059,Stéphane SARRAZIN,0:10:17.953,,2,Venturi Formula E Team,,26.3889,21.6667,3.21869,5.0
49,4,2,1:11.419,0,105.5,12:39.478,2020-11-10 12:12:39.478,Stéphane SARRAZIN,,,2,Venturi Formula E Team,,26.3889,21.6667,4.828035,28.0
50,4,3,1:03.491,2,118.7,13:42.969,2020-11-10 12:13:42.969,Stéphane SARRAZIN,,,2,Venturi Formula E Team,,26.3889,21.6667,5.632705,100.0
51,4,4,4:31.057,0,27.8,18:14.026,2020-11-10 12:18:14.026,Stéphane SARRAZIN,,,2,Venturi Formula E Team,,26.6,21.6667,5.149900000000001,131.4
52,47,1,38:16.707,0,3.3,38:16.706,2020-11-10 12:38:16.707,Adam CARROLL,0:37:10.315,,4,Panasonic Jaguar Racing,,27.7222,21.6667,8.04672,61.0
53,47,2,1:13.779,0,102.1,39:30.485,2020-11-10 12:39:30.486,Adam CARROLL,,,4,Panasonic Jaguar Racing,,27.7222,21.666700000000002,8.04672,61.0
54,47,3,1:03.553,2,118.6,40:34.038,2020-11-10 12:40:34.039,Adam CARROLL,,,4,Panasonic Jaguar Racing,,27.7222,21.6667,8.04672,61.0
55,5,1,37:45.662,0,3.3,37:45.661,2020-11-10 12:37:45.662,Maro ENGEL,0:36:36.799,,4,Venturi Formula E Team,,27.7222,21.6667,8.04672,61.0
56,5,2,1:13.123,0,103.0,38:58.784,2020-11-10 12:38:58.785,Maro ENGEL,,,4,Venturi Formula E Team,,27.7222,21.6667,8.04672,61.0
57,5,3,1:02.974,2,119.6,40:01.758,2020-11-10 12:40:01.759,Maro ENGEL,,,4,Venturi Formula E Team,,27.7222,21.6667,8.04672,61.0
58,5,4,1:24.973,0,88.7,41:26.731,2020-11-10 12:41:26.732,Maro ENGEL,,,4,Venturi Formula E Team,,27.7222,21.666700000000002,8.04672,115.33333333333333
59,6,1,21:22.897,0,5.9,21:22.897,2020-11-10 12:21:22.897,Loïc DUVAL,0:20:13.121,,3,Faraday Future Dragon Racing,,27.4444,21.6667,8.04672,90.0
60,6,2,1:11.575,2,105.3,22:34.472,2020-11-10 12:22:34.472,Loïc DUVAL,,,3,Faraday Future Dragon Racing,,27.4444,21.666700000000002,8.04672,90.0
61,66,1,11:16.744,0,11.1,11:16.744,2020-11-10 12:11:16.744,Daniel ABT,0:10:08.897,,2,ABT Schaeffler Audi Sport,,26.3889,21.6667,4.82803,39.0
62,66,2,1:07.291,0,112.0,12:24.035,2020-11-10 12:12:24.035,Daniel ABT,,,2,ABT Schaeffler Audi Sport,,26.388899999999996,21.666700000000002,4.828033333333334,31.666666666666668
63,66,3,1:02.765,2,120.0,13:26.800,2020-11-10 12:13:26.800,Daniel ABT,,,2,ABT Schaeffler Audi Sport,,26.3889,21.6667,5.632705,100.0
64,66,4,1:30.259,0,83.5,14:57.059,2020-11-10 12:14:57.059,Daniel ABT,,,2,ABT Schaeffler Audi Sport,,26.3889,21.6667,4.82803,149.0
65,66,5,1:30.263,0,83.5,16:27.322,2020-11-10 12:16:27.322,Daniel ABT,,,2,ABT Schaeffler Audi Sport,,26.388899999999996,21.666700000000002,4.82803,149.0
66,7,1,37:15.615,0,3.4,37:15.614,2020-11-10 12:37:15.615,Jérôme D'AMBROSIO,0:36:13.659,,4,Faraday Future Dragon Racing,,27.7222,21.6667,8.04672,61.0
67,7,2,1:07.610,0,111.4,38:23.224,2020-11-10 12:38:23.225,Jérôme D'AMBROSIO,,,4,Faraday Future Dragon Racing,,27.7222,21.6667,8.04672,61.0
68,7,3,1:03.366,2,118.9,39:26.590,2020-11-10 12:39:26.591,Jérôme D'AMBROSIO,,,4,Faraday Future Dragon Racing,,27.7222,21.666700000000002,8.04672,61.0
69,7,4,1:17.464,0,97.3,40:44.054,2020-11-10 12:40:44.055,Jérôme D'AMBROSIO,,,4,Faraday Future Dragon Racing,,27.7222,21.6667,8.04672,61.0
70,8,1,22:11.095,0,5.7,22:11.095,2020-11-10 12:22:11.095,Nicolas PROST,0:21:07.391,,3,Renault e.dams,,27.4444,21.6667,8.04672,90.0
71,8,2,1:43.102,0,73.1,23:54.197,2020-11-10 12:23:54.197,Nicolas PROST,,,3,Renault e.dams,,27.4444,21.666700000000002,8.04672,90.0
72,8,3,7:14.569,0,17.3,31:08.765,2020-11-10 12:31:08.766,Nicolas PROST,0:06:17.360,,3,Renault e.dams,,27.4444,21.666699999999995,8.04672,123.0
73,8,4,1:03.589,2,118.5,32:12.354,2020-11-10 12:32:12.355,Nicolas PROST,,,3,Renault e.dams,,27.4444,21.6667,8.04672,134.0
74,8,5,1:17.300,0,97.5,33:29.654,2020-11-10 12:33:29.655,Nicolas PROST,,,3,Renault e.dams,,27.481466666666666,21.666700000000002,7.510273333333334,109.0
75,88,1,11:57.338,0,10.5,11:57.338,2020-11-10 12:11:57.338,Oliver TURVEY,0:10:51.373,,2,NEXTEV NIO,,26.3889,21.6667,3.21869,5.0
76,88,2,1:09.512,0,108.4,13:06.850,2020-11-10 12:13:06.850,Oliver TURVEY,,,2,NEXTEV NIO,,26.3889,21.6667,4.828035,28.0
77,88,3,1:02.712,4,120.1,14:09.562,2020-11-10 12:14:09.562,Oliver TURVEY,,,2,NEXTEV NIO,,26.3889,21.6667,5.632705,100.0
78,88,4,6:04.922,0,20.6,20:14.484,2020-11-10 12:20:14.484,Oliver TURVEY,,,2,NEXTEV NIO,,26.841257142857142,21.666699999999995,5.977562857142858,119.57142857142857
79,9,1,1:09.208,0,108.9,1:09.208,2020-11-10 12:01:09.208,Sébastien BUEMI,0:00:07.296,,1,Renault e.dams,,26.3889,21.1111,8.04672,65.0
80,9,2,1:08.511,0,110.0,2:17.719,2020-11-10 12:02:17.719,Sébastien BUEMI,,,1,Renault e.dams,,,,,
81,9,3,1:03.402,2,118.8,3:21.121,2020-11-10 12:03:21.121,Sébastien BUEMI,,,1,Renault e.dams,,26.3889,21.1111,8.04672,169.0
82,9,4,1:29.103,0,84.6,4:50.224,2020-11-10 12:04:50.224,Sébastien BUEMI,,,1,Renault e.dams,,26.388899999999996,21.1111,8.04672,99.66666666666667
